LAB 9: Tor transmisyjny - Michał Tymejczyk 44537

Dane wejściowe: ABC
Strumień 1 - S2BS(ABC) 
[0, 1, 0, 0, 0, 0, 1, 1, 0, 1, 0, 0, 0, 0, 1, 0, 0, 1, 0, 0, 0, 0, 0, 1]
Strumień 2 - zakodowany 
[[1, 0, 0, 1, 0, 0, 0], [0, 0, 0, 0, 0, 1, 1], [1, 0, 0, 1, 1, 1, 0], [1, 1, 0, 1, 0, 1, 0], [1, 1, 0, 1, 1, 0, 0], [1, 1, 0, 1, 0, 1, 1]]
Strumień 3 - po demodulacji 
[[1, 0, 0, 1, 0, 0, 0], [0, 0, 0, 0, 0, 1, 1], [1, 0, 0, 1, 1, 1, 0], [1, 1, 0, 1, 0, 1, 0], [1, 1, 0, 1, 1, 0, 0], [1, 1, 0, 1, 0, 1, 1]]
Strumień 4 - zdekodowany: 
[0, 1, 0, 0, 0, 0, 1, 1, 0, 1, 0, 0, 0, 0, 1, 0, 0, 1, 0, 0, 0, 0, 0, 1]
Dane wyjściowe: ABC